-0.815866763
-0.260639191 -0.869546394 -0.180205648 0.562654152 0.636273348 0.049310916 -0.226454818 0.656967608 0.717086801 -0.908259787 -0.961604784 -0.859667195 -0.721293152 -0.443440403 -0.901967390 
-0.234775882
-0.679681423 1.041374487 0.609468390 -0.790152420 -0.552605372 0.312278279 0.021977643 -0.295253976 0.670815922 0.277353738 0.083523303 -1.475588100 -0.767313944 -0.917303206 0.122875780 
-0.383361233
-0.791996548 -0.376661047 -0.752466713 -0.188052245 -0.022605557 -0.538269522 0.685050586 -0.821383199 0.203068996 -0.387748578 0.132527098 0.104984463 -0.887527247 -0.297971405 -0.003403564 
0.501731869
0.025974627 0.439130067 -0.584312334 -1.193335219 -1.373179656 -0.454815845 0.638532578 -0.037398664 -0.487681194 -0.080562133 0.102911095 -0.134962695 -0.104113194 0.162651695 0.673125602 
-0.866711771
-0.942344388 -0.984651682 -0.940222481 -0.129867022 -0.440183169 -0.947369857 0.082187928 -0.299611977 0.637736817 -0.412863074 -0.040130535 -0.325352024 -0.251750423 -0.182579854 -0.832086549 
1.869886224
0.320620749 0.597080559 -0.489119497 -1.381749676 -1.209127728 -1.428530857 -0.502093459 0.278072138 0.073135964 0.601661345 -0.401557205 -0.695947832 0.029355429 0.328562445 -0.252236756 
-0.187516461
-0.470616315 0.628175345 -0.981768582 -0.652323168 -0.468249336 0.559397184 -1.044424134 -0.064697891 0.371461405 0.837098921 0.349741741 -0.258554069 -0.981743917 -1.021680087 0.921819244 
-0.479268043
-0.764629584 0.087797826 0.768554456 0.214254981 -0.514594749 -0.472155770 0.363241995 1.054047285 -0.602778927 -0.705520928 -0.463620717 -0.394530427 0.408656026 0.056402637 -0.939871139 
-1.058982733
0.202896657 -0.000272484 0.462461063 1.406125707 0.442808076 0.572284785 0.069202704 -0.573774679 0.354900659 -0.049096136 -0.601348111 -0.041597193 -0.054686713 -0.340419194 0.656115886 
-0.780894324
0.051935073 0.473266141 0.151457580 -0.319098751 -0.082791569 -0.648686657 0.651539804 -0.799592367 -0.587568207 -0.497960766 0.250498015 -0.404961852 -0.028447880 -0.180111922 -0.263625529 
-0.837088372
-0.907296160 -0.948009099 0.071528783 -0.539055213 -0.399626840 -1.032939628 -0.767664120 0.733805341 -0.196222672 0.461247304 0.367721119 0.479401259 -0.225208444 -0.464255852 0.014872543 
-0.692830460
0.371371849 0.884490496 -0.342073637 0.100558387 0.503827327 0.440219476 0.131433950 -0.722784564 0.388232538 0.669614406 0.064722714 -0.464586790 0.470533516 -0.787651289 0.800045551 
-0.919856211
0.378521051 0.663014441 -0.167206572 1.073521772 0.571301671 0.788511737 -0.195826008 0.733463339 0.785264378 -0.592970427 -0.529243471 0.233734942 -0.153886189 -0.258734764 -0.706984329 
0.615379697
0.714981783 -0.221151791 -0.101723334 -0.472746720 -0.421020113 -1.183077494 -1.099432266 0.129341154 0.313018194 0.258513589 -0.188032646 -0.933791698 0.891860338 -0.250081885 -0.677857801 
-0.148608141
0.691653100 0.492988966 -0.963964521 -0.007840567 1.612567776 0.010230052 0.783199955 -0.872996871 0.060200877 -0.260261763 -0.306202357 1.302346976 -0.334713222 -0.622501840 0.234953959 
0.190701736
-0.878134773 0.077515628 0.078524976 -0.564258007 0.043563891 -0.426842728 0.734785580 0.551693733 0.213875306 -0.650770203 -0.756778852 0.045777574 -1.143938123 -0.680101861 -0.069329471 
0.416605853
-0.600359007 0.896543543 0.198253083 -0.736389363 -1.485146680 -1.386107410 0.683850677 0.613000832 0.782716436 -0.672292534 0.829344451 -0.784112303 -0.448618064 0.676263446 0.796421335 
0.399741376
0.577906035 -0.068190288 0.253565176 -0.049792571 -0.659507368 0.574530353 -0.418437241 0.871415029 0.884982744 0.559906880 0.054802084 -0.171877330 0.597649332 -0.558840273 0.061609071 
-0.986063925
-0.430212020 0.001505085 -0.736214725 -0.439273913 0.349614412 0.600150759 -0.567502418 0.110380856 -0.531346073 -0.109404728 -0.255585351 -0.879788542 0.234131272 -0.093215055 0.073116146 
0.165572829
0.314000491 0.779712124 0.637074806 -0.825369146 -0.955829332 -0.839114367 0.740420650 0.923309384 -0.521963930 -0.249614984 0.280852664 0.194523423 -0.042836837 0.113656653 0.050743105 
0.572150757
-0.654862791 -0.849343864 0.066477071 -0.824676855 0.639375145 -0.254328264 0.206878929 0.354575128 -0.800967906 -0.508385408 -0.710636002 -0.670364482 -0.251946979 -0.127414260 0.755530325 
-0.854458680
-0.784660035 0.611356762 -0.980368964 0.350815129 -0.752549986 0.408562296 0.912356915 -0.579341383 -0.428984326 -0.889300422 0.754498297 -0.162927878 0.962711174 0.308783616 -0.716040079 
1.227233461
0.458980448 -0.045171213 0.645746376 -1.061152511 -1.182567931 -1.580111524 -0.208470381 -0.105818422 0.660120391 0.032947400 0.749825157 -0.997270875 -0.581286563 0.602288255 0.471322647 
-0.024775736
0.736984999 0.391906693 -0.584865847 -1.176531644 -0.234709645 -0.640372346 -0.281108009 0.647450114 -0.722172173 0.246393882 -0.308061977 -0.656560924 -0.510958869 0.227473018 0.156756502 
-0.564605494
0.069732224 -0.617285427 -0.847746300 -0.130464638 -0.878600122 0.773269524 0.852714101 -0.494779908 -0.513723004 0.827092902 -0.392949793 0.159253691 -0.668375414 -0.961411150 -0.330690279 
0.583841832
0.501756212 0.467316157 -1.100684129 0.446795707 0.568687210 -0.902764708 -0.858296091 -0.359238697 -0.623326942 -0.888723419 -0.479680310 0.388733669 -0.751044950 -0.274108968 -0.884377003 
-0.837028401
-0.280388773 -0.501398815 -0.577109058 -1.071048223 0.271093467 0.136118517 -0.060765077 0.776013980 -0.084690111 -0.888391377 -0.309928124 0.184595153 0.702450306 -0.879904705 -0.776035435 
-0.195214366
-0.147064300 0.081928165 -0.100360461 -0.381583498 -0.917847355 -0.255792486 -0.846020058 -0.278611123 0.228972839 -0.126140413 0.578317287 0.169958091 -0.279351020 -0.928361868 0.378188053 
0.415534139
0.173187124 0.831305752 0.134502418 -0.841932820 0.549818131 -0.667009440 0.389599559 -0.458417995 -0.707494803 -0.187996624 -0.674934966 0.590505206 0.491368230 -0.643826705 0.783158781 
0.343830865
0.460906250 -0.497671400 0.031303801 0.879993749 -0.430309512 0.267692726 0.388812510 -0.876980196 -0.918819961 0.565605407 0.064527933 0.966353389 0.507404970 0.783522925 0.619058294 
-0.649965987
-0.466455853 -0.970601356 -0.622189537 -0.129758465 -0.070046698 -0.469268547 0.303943051 0.132862506 -0.090338712 0.432366376 -0.449722998 -0.136958826 0.299111987 -0.494052546 -0.627473439 
-0.999354649
-0.100119797 0.785505175 -0.660073672 0.827181560 0.818079448 -0.118382881 -0.097052480 0.875270246 0.667099431 -0.236171589 0.211807124 0.212577161 -0.479654968 -0.676063429 0.326226310 
-0.331054853
-0.088150080 -0.050996965 -0.156890805 -0.171719148 1.263490526 0.369940410 0.083592322 -0.848861088 0.466250183 0.382728948 -0.129463311 -0.622795624 0.665209494 -0.088765196 0.858304866 
-0.581986044
-0.411018014 0.236572342 0.591702080 0.295925698 0.931092227 -0.095338481 -1.072513550 -0.370702687 0.139908112 0.443398449 0.177290040 -0.230906563 -0.542406238 0.523432472 0.402763716 
0.663265238
0.225300846 0.036980600 -0.153197997 -0.014860547 0.463443948 -1.415638638 -0.990215695 0.665260412 0.527044334 0.874022208 -0.347334871 -0.206771311 0.052229449 -0.774139287 -0.298639943 
-0.084742559
-0.819238691 0.626466392 0.409427351 0.585539312 0.513068985 -0.678474323 0.203196168 -1.034747740 -0.962012037 -0.755763899 -0.885837256 -0.343524964 -0.401815178 0.415723615 0.043374010 
-0.046509610
0.126477988 -0.248238502 -0.263375387 -0.778286542 -0.411273263 -0.616755914 -0.031649523 -0.832273203 -0.743808262 -0.228871281 -0.138465027 -0.581526658 -0.719104910 0.583212053 -0.692044134 
-1.021375419
-0.872294653 -0.247830794 -0.471656949 -0.949980488 -0.313076144 -0.563105844 -0.668056139 0.671699024 0.531260657 -0.208476811 0.789192070 -1.067311182 0.148577508 0.424014989 -0.617957451 
0.430863964
-0.518495860 0.375997931 -0.392442212 1.156605532 0.077030159 0.861575680 -0.846964172 -0.274162396 -0.201541795 0.753168873 -1.047840043 0.464864961 -0.146155487 1.114690860 -0.526969787 
0.483919892
0.926956655 -0.490222775 -0.489900721 -0.421405989 1.115990994 0.150759186 -0.646986914 -0.051572710 0.227730849 -0.762827771 0.675339859 -0.060403489 -0.619975106 1.033186940 0.449796739 
-0.638565809
0.169082371 0.690421094 0.903326640 0.087925045 -0.333637572 -0.195469943 0.621263657 -0.900435381 0.829046560 -0.303327957 0.131481867 0.720523855 -0.089209635 -0.389563216 0.189740646 
0.571553661
0.322854732 0.625102246 0.618880378 -1.350033432 -1.209971666 -0.596677448 0.052107331 0.281568783 0.443064790 -0.643647194 -0.377091478 -1.699954630 0.680006896 0.569332390 0.383232421 
0.211827647
-0.157396637 -0.155401223 -0.505633573 0.353660550 -1.040925965 -1.133124901 -0.803791517 0.695622261 0.973619139 -0.528674457 0.131742546 -0.573409693 -0.700040921 0.409012946 -0.518987566 
0.104251905
0.860509949 -0.321075639 0.109192783 -0.964640955 -0.197410676 -1.268954508 -0.126522015 -0.747936186 -0.309227899 -0.546953412 0.104530717 -0.732850973 0.702381479 0.713185073 0.392345287 
0.142675116
0.145895394 0.150502845 -0.674574606 0.414434434 -0.552322026 -0.261370695 -0.466760878 -0.903154252 -0.790111072 -0.317518844 -0.718010872 1.170055968 0.585786655 -0.888952615 -0.587044013 
-0.615191339
0.050303022 0.122072658 0.813375348 -0.783297439 -0.798261803 0.060768966 0.643651101 0.192009390 -0.266211806 -0.553564001 -0.219328168 0.923590760 -0.355055385 0.007180135 -0.325960475 
-0.348636550
0.235397608 -0.525723159 -0.491548282 0.890962379 0.790257576 -0.838555080 0.743017018 -0.406663888 0.592372426 0.375364949 -0.613061732 -0.734241966 -0.617041725 -0.165520259 -0.313197945 
0.266333438
0.318418373 0.468410793 -0.706704312 -0.861422202 0.052227385 -1.068641447 0.095499668 0.698808575 -0.163147138 0.354326559 -0.532350321 0.331606770 -0.140231191 -0.624261091 -0.916759615 
0.157455301
-0.721409491 0.363336175 0.351593897 1.292616818 0.053141175 1.416874895 -0.717069541 0.450400722 0.618185831 -0.642103744 -0.023790641 0.103049278 -0.623146312 0.349455168 -0.558284955 
-0.757624724
-0.480671624 -0.639886903 0.650886631 1.347820066 -0.056114141 0.362190911 0.717864540 0.274805710 -0.084989156 0.548800374 0.563796403 0.465160382 0.192639733 -0.352330273 -0.191585820 
0.279659506
-0.651298853 -1.164098801 0.448857637 -0.744727308 0.719470726 -1.779501744 0.080592334 -0.782478245 0.424847909 -0.843961667 0.582507449 0.770559394 0.560224403 -0.959111463 0.668905978 -0.046126545 -1.819598346 -0.066927044 -0.524078389 -0.591052625 -1.385476564 -0.362107135 -1.115675503 -0.793777152 0.316883334 -0.341379819 0.131197819 -0.863571681 0.241810135 0.375787301 -0.248818944 -0.415152161 -0.803662605 0.408029572 -1.038977746 -0.665231786 0.440574883 0.149854385 -0.382146192 0.678740288 0.074253701 -1.740835554 -0.449755917 -1.417511132 0.421589749 -1.103908993 -0.401015876 -0.127318344 0.673427447 0.714255699 
-0.509335027
0.427911294 0.629597032 0.540600077 0.331113107 -0.357867352 0.077818013 -0.157278891 -0.289453871 -0.740210884 -0.255245096 0.773912441 -0.902671206 -0.907649274 0.337706164 0.683645744 -0.509666024 -0.749936697 0.146113365 -0.364460155 -0.575418244 -0.973596274 -0.006954768 0.397998434 -0.805574102 0.775445227 -0.355050080 0.157838467 0.153045991 0.276479436 -0.740154482 -0.395622920 -0.524607824 -1.016304544 0.006328508 -0.847987075 -0.897243228 -0.374715629 0.539832570 -0.215056891 0.536181943 0.195826270 -0.128519316 -0.191940665 0.518887124 -0.350666549 0.429520583 0.342943711 -0.161178685 0.290339792 -0.213192436 
0.130566649
-0.751254911 -0.391086712 0.455481782 -0.859071240 -0.257912659 0.319685032 -0.044742424 0.549902175 0.104595740 -0.209189836 -0.124822227 -0.077765210 -0.417958546 0.647820034 -0.768068385 -0.923030422 -0.688753790 -0.052895248 0.108089039 -0.688205908 -0.697385671 0.524303382 -0.836715947 -0.536334041 -0.112195805 0.273902045 0.557998862 0.542385059 -0.740169270 -0.998525773 0.786949698 -0.958466665 0.813775029 0.556470039 0.329390396 0.070304338 -0.142944537 -0.221419380 -0.378455561 -0.609165715 0.229800717 -0.033128818 0.711882886 0.301878910 -0.290497347 -0.632403016 -0.451380621 0.552542381 0.049062263 -0.288431087 
-0.518321997
-0.793254440 -0.695351660 -0.419457348 -0.788483820 0.657534726 0.302338336 0.589696491 0.024250788 0.567274537 0.811272194 0.939231518 -0.005428652 -0.661089414 -0.852874007 0.015740607 -0.815513626 -0.082236301 -0.221064380 -0.557077945 -1.040785281 0.738238905 -0.822668982 -0.320628683 0.248680038 -0.165159707 0.568158018 0.416840875 0.428406560 0.043572420 0.239813274 -0.138160716 -0.622872249 -0.218526460 0.410724623 0.700380867 -0.685105428 0.099201214 -0.446495992 -0.460732003 -0.226966043 -0.739590416 -0.400013520 -0.558934263 -0.097692549 -0.419766843 -0.264469687 -0.485035459 -0.791131454 -0.535494133 -0.698942055 
0.564524677
-0.182392148 0.296466438 0.892905146 -0.071875659 -0.184702652 0.743009427 0.128512249 -0.292990802 -0.380407569 -0.914898002 0.013443850 0.678000402 -0.130056973 0.108588483 0.086776438 0.022977006 -1.153409789 -1.045513920 0.387249370 0.544287169 0.777251717 -0.927023392 0.615819809 -0.282243009 -0.596241854 -0.003492173 -0.179707941 -0.068107551 0.378753378 -1.205107054 -0.014536591 -0.811708780 0.183030774 -1.141487910 0.111697569 -0.630057871 -0.841044006 -0.634994080 -0.619512283 -0.497848270 -0.590927296 0.598177130 0.469757169 0.746410620 -0.238114011 -0.048619777 -0.127655935 -0.854794036 -0.007263910 -0.994823445 
-0.523525392
-0.118644395 0.721967740 0.575237063 0.861214499 -0.609039421 0.593949658 -0.217379441 0.447625376 -0.161158644 0.698259573 0.339941224 -0.512528532 -0.368642615 0.665603641 -0.610162701 -0.598904459 0.772363057 -0.028499613 0.072771644 -1.015329682 0.942425228 0.992665688 0.262429555 0.880085298 0.191571978 0.285257384 -0.771147588 -0.289763695 -0.081400990 0.151180034 0.627788391 -1.002448105 0.245776477 -0.929389914 -0.977057102 -0.447115003 0.721277061 1.069963821 -1.030163532 -0.940218905 0.320506926 0.413126500 -0.441447470 0.275664414 0.895163976 -0.471844132 -0.363086414 -0.741420148 -0.477537707 -0.200268890 
-0.931915001
0.782734770 0.352336412 -0.754012461 -0.191230638 -0.579024469 -0.879133230 -0.075608043 -0.375854296 -0.428217419 -0.046008236 0.440117865 0.113655126 -0.145293852 -0.874853618 -0.443098771 -0.247825888 -0.222155738 -0.067282654 0.047351631 0.680055444 -0.381787986 -0.554287179 0.313807543 -0.927343498 -0.748646644 -0.547557387 -0.980367925 0.412979213 0.808590631 -0.951540259 -0.692908202 0.475987323 -0.624037807 -0.747181909 0.393838182 -0.803839998 -0.095582854 -0.127692318 -0.210505356 -0.242305941 -0.148389609 0.233232015 0.727641368 -1.012432523 0.597105393 -0.734388428 0.647758734 -0.118968730 -0.301286664 -0.893146003 
-0.100252488
-0.225431337 0.374918133 -0.684930054 -0.283946045 0.572175579 -0.357909934 0.592650941 0.887607656 -0.257743336 0.506452616 0.898384471 -0.794660815 -0.262240847 0.611831138 -1.089344274 0.059519981 -0.767399117 0.184977358 -0.352155191 -1.098438490 -0.854650698 -0.434690280 -0.117935416 0.771195283 0.870162640 0.474588410 0.466395266 -0.103450094 0.000511503 -0.488667341 -0.395323423 0.630627981 -0.296495274 0.427602655 -0.370950957 -0.388683456 -0.715887566 -0.151014965 0.047944106 -0.449908558 -0.455950042 0.072067557 -0.753640640 0.068609149 -0.190263304 -0.568624820 0.150298497 0.603493995 -0.145669313 -0.065716442 
0.370023273
0.444397082 0.671401263 0.634406549 -0.975256315 0.542471199 0.444473746 -0.722185618 -0.502512031 -0.284596888 0.702420298 0.838603039 0.002726732 0.360424712 0.226213925 -0.807436859 0.871346600 -0.286142401 0.288940012 0.696258762 0.003562797 0.005644052 -0.907122251 -0.562029451 -0.870033224 0.767764784 0.482639122 -0.886744249 0.107052436 -0.272289791 -0.421038923 0.898616637 -0.750741581 -0.193972505 0.399215776 -0.126838160 -0.258208217 -0.903383662 -0.460902016 -0.815543907 0.031398753 -0.514610802 0.262926627 0.440090622 0.230842272 -0.682422380 0.458826284 0.253721081 -0.674357772 -0.707640143 -1.116967151 
-1.028145050
-0.605492904 -1.187514037 0.259136294 -1.452019601 0.618244943 -1.702406202 0.464420260 -1.030673897 0.437001836 -0.363561724 -0.417116526 -0.713616191 0.907211888 -1.319491794 0.978139642 -0.985482136 -1.246914698 0.713359799 -0.680987639 -1.254949840 0.032475285 -0.463511534 -1.511894000 -0.331963580 0.736887706 -0.113695185 -1.037899079 0.279637332 -0.666624227 0.557928793 0.032640844 0.385303887 1.039206293 0.395772613 -0.333845477 0.151128872 0.150999601 0.214384569 0.166171231 -0.508374232 0.236828569 -1.447753494 0.223334066 -1.109359672 -0.288657617 0.413324235 -0.240030689 -0.843525775 0.886289942 -0.312796142 
0.032497514
-0.411561364 -0.036066280 -0.474517223 -0.764548533 -0.154387410 -0.810416293 0.253587351 -0.358353551 0.247397330 0.789783690 -0.799905020 -0.343614101 -0.257415930 0.738834241 -0.376221851 0.628950729 0.378117738 0.430034731 -0.857868048 -1.265959127 -0.254089471 -0.699777341 -1.128733006 0.630233730 -0.360154303 -0.637734990 0.821449401 -0.959901877 -1.163428637 0.139201460 0.473379963 0.189364101 -0.121175780 0.711248037 0.264365944 0.616491502 0.173649840 0.681377088 -0.247792075 -0.787961584 0.539441754 -0.137958699 -0.758788150 -0.916174531 -0.708992196 0.638543649 -0.345275205 -0.067392412 0.233544683 -1.188736666 
-1.202148884
-0.689019109 0.069845297 0.415539935 0.600484576 -0.577081825 0.390935038 0.089202511 -0.018973514 -0.490453680 0.064441264 0.361743487 0.280649242 -0.405491876 0.248106469 -0.538770482 -0.140741428 -0.627501448 0.546788738 -0.291795486 -0.323963767 0.826416430 0.691707100 -0.245377253 -0.333434534 -0.986323110 -0.486144090 0.647458234 -0.225898495 0.582586122 -0.974871111 -0.356369728 0.308868764 -1.067061309 0.364547634 -1.129904272 -0.339779098 0.071656318 -0.816707228 -0.120708896 0.559284096 -0.387192048 0.173060000 -0.516197011 -0.252333618 0.166894507 -0.597623058 -0.150522201 -0.782631687 0.376470268 -0.244297749 
0.175722984
-0.208093663 -0.099472831 -0.030252094 -1.096824624 0.061798435 -0.297544148 -0.744498413 0.245825817 -0.658888040 0.209336129 -0.039922168 -0.297008041 0.408428789 0.457791057 0.563045301 0.166840353 -0.378636367 0.199248324 0.551153165 -1.340587474 0.637578928 0.382834320 -1.169979898 -0.656920071 -0.112707563 0.180878010 0.121551771 0.082676286 -1.032950769 0.370878977 0.020328563 0.061545475 -1.124748172 -0.908063991 0.088934846 0.392055620 -0.159286572 0.706025522 -0.650363943 0.085384088 -1.105349765 0.608160294 -0.747337401 0.541974592 0.439367918 0.625640698 -0.694834844 -0.455222464 0.031670418 0.165554719 
-0.465040093
0.152864083 0.323970158 0.870727925 -1.018299268 -0.820443574 0.188661754 0.083284455 0.761294335 0.467209004 0.090230427 0.714665746 -0.673577530 -1.341068835 0.663993788 -0.529185733 0.724597726 0.485448491 -0.038277857 0.480319450 0.139794631 0.563013266 0.211007867 -0.242818422 0.350052742 0.567031902 0.327773706 0.573928182 0.632615157 0.159737110 0.064554510 0.284351588 -0.821085093 -1.156980394 -0.867144496 0.076015030 0.485689073 0.657651662 0.132762541 0.340205382 -1.153270313 0.271576419 -0.787211231 0.851123067 -0.422783200 -1.048875788 -0.306802606 0.476943835 -0.436414020 0.023639295 -0.609169816 
-1.115660509
-0.549285141 0.988500577 0.973565969 0.159825644 0.385075926 1.123028276 0.523453273 -0.362543856 -0.692342272 0.721159597 0.769193401 0.042261328 -0.062048226 1.068337857 -0.779746479 0.203068014 0.589014677 -0.845412948 0.303957868 0.125670029 0.976346530 -0.944263409 1.164407171 1.021240438 0.913801218 -0.760873969 0.162579696 0.990628696 -0.145312965 -0.629047345 -0.608822787 -0.322258818 -0.840959595 0.900130156 0.523851991 0.270076881 0.246298776 0.220407879 -1.068767102 0.473330218 0.459678665 0.650448153 1.224441772 1.105703490 -0.638105370 -0.450817449 -0.475000521 0.892536778 -1.120455019 -1.076191761 
-0.280466006
-0.853145915 -0.617643265 -0.741445436 -0.077125003 -0.687033459 0.516254428 -0.133659744 -0.008464319 0.062057675 -0.131631783 -0.230853799 -0.296991115 -0.272887425 -0.347843792 -0.747374407 0.847627726 0.682435288 -0.050473779 -0.083190838 -0.508071777 -0.622084339 -0.571555039 -0.407599971 -0.649742258 -0.400009396 -0.271246773 -0.012499322 0.502392224 -0.136501896 -0.749568457 0.363097797 -0.046487182 0.685036278 -0.057455533 -0.576934367 -0.303922631 0.752374734 0.619256319 -0.570464720 0.052478083 -1.065339764 0.400662194 0.926898081 -0.137757657 0.458350823 -0.538344861 -0.015767660 -0.965968141 -1.059676349 0.624689301 
-0.064116595
0.127606237 -0.086999512 -0.147536624 -0.373442241 0.602352068 -0.888041964 0.227816638 0.065654136 -0.981322654 -0.324840119 0.219929862 -0.812084754 0.763315163 0.808991658 -0.054432891 -0.891198348 0.075841380 -0.449941263 -0.247778429 -0.316724414 -0.740398394 0.415024965 0.619448984 0.794053903 -0.416515614 -0.049077062 0.476096927 -0.901073330 -0.722662147 -0.212830787 0.452567251 -0.541968779 0.682376250 0.303285574 -0.306623893 0.560944349 0.294782899 -0.091148061 -1.034696826 -0.816267967 -0.262400307 0.583240741 -0.528302199 0.392827072 -0.796877245 -0.105844235 0.167961774 0.560965037 -0.975311642 -0.399703471 
0.345030446
-0.613856081 -0.509307242 -0.758365811 -0.508134997 -0.640885399 -0.244366891 -0.899694525 0.751034626 0.353867190 -0.123048975 0.954088465 0.021545942 -0.634673286 -0.623975307 -0.724674324 0.117770994 -0.288904827 -0.420403388 0.866333464 -0.201676311 -0.510010680 0.700661449 -0.665228496 0.908558829 0.033738048 0.488833443 0.936409157 0.485379924 -0.982287463 -0.695495419 -0.530302750 -0.928198070 -0.123515708 0.151802581 -1.081812233 0.354454977 0.464153384 0.069382755 0.312916087 -0.527496753 -0.571064374 -0.874524850 0.315349882 0.211028284 -0.464204454 -0.045984165 -0.745406500 0.515267544 0.564771125 0.323659475 
-0.691437095
0.088175888 -0.136429465 -0.316772199 -0.253308297 -0.537332689 0.934592200 0.002255881 -0.696358748 -0.659842696 -0.083024776 0.751336419 0.629754618 -0.543539588 -0.066033556 -1.069965247 0.780675834 0.021784636 -0.007164588 -0.973615927 -0.284963703 0.062824603 -0.913517955 -0.127807494 -0.043337386 -0.943465647 -0.291407782 -0.069496475 -0.289653154 -0.558091140 -0.360466371 -0.184228755 0.617109367 0.218771367 0.118724887 -0.690235556 0.470002511 -0.103921885 0.210568586 -0.496287531 -0.561746220 -0.336361078 0.311131064 0.329527761 -0.886219759 0.639751921 0.502678012 -0.513414801 0.053512497 -0.451831984 0.285605237 
-0.239711156
0.903591901 0.344301954 0.193484636 -0.581792426 0.925802073 0.505614748 0.009453989 0.607091606 -0.849945444 0.087244313 0.111155363 0.354292320 -0.159931782 0.401756560 -0.764641323 0.712515867 -1.111259254 -0.722727888 0.096401623 0.211498261 -1.045364499 -0.062390005 -0.564339072 0.278721193 0.537832902 -0.445514202 -0.162783529 -0.024884779 0.212171571 -0.715331086 0.190915969 -0.712255005 0.298422463 0.579129881 -0.650890274 0.518809769 -0.147081778 0.677290311 0.261336470 -0.210263835 -1.143228845 -0.963456497 -0.505948703 -0.851441880 0.838360464 -0.054206026 -1.012273157 0.546291301 -0.061745446 0.668565106 
0.082370998
0.319453504 0.030372111 -0.858932274 -0.648025810 0.348965700 0.437426985 0.415020179 0.515647423 0.508765515 0.541847688 -0.472817002 -1.067891152 0.282892906 0.481000258 -0.523844901 0.436341842 -0.904691392 -0.786405184 0.474830366 -0.919930302 -0.289928188 0.288653033 0.776336795 -0.688810758 -0.351081509 -0.263174441 0.691266251 0.018849422 0.667209249 0.103037762 0.066970597 -1.117665468 -0.437481007 -0.944037862 -0.910179605 -0.738329891 0.560601571 -0.741236967 0.510403732 -0.590980074 -0.964046595 0.486596067 -0.106331732 0.719770497 0.849593263 -0.730121562 -0.255838751 0.814672319 -0.035293617 -0.311096466 
-0.705534427
0.612836659 0.523951408 0.812062265 -0.619745421 0.146594691 -0.457733305 0.712773264 -0.446688634 -0.687526714 0.688285553 1.009341461 -0.815915024 -0.451583425 -0.414120161 -0.561932697 -0.001078277 0.597196413 -0.665109039 0.835097475 -0.617131418 0.779179906 0.810695151 0.906775850 -0.446421900 0.143182529 0.829580325 0.824818713 0.398225593 -0.084443561 -0.753931011 0.963825575 0.223316032 -0.309429548 0.779786024 -0.666864409 0.138425162 0.812370171 0.556918979 -1.009216629 0.077480354 0.113573727 0.341075912 -0.809774990 -0.437158780 -0.811046811 0.435102780 -0.759351137 -0.235250702 0.614055066 -0.469506451 
0.380404959
0.551292168 0.044139198 -0.478880792 0.723176387 0.192494966 0.076906275 0.864140463 0.855086964 -0.351902051 0.828908537 -0.736391203 -0.795049533 -0.250150924 0.419525232 -0.359595373 0.667395185 -1.011024433 0.549691768 -0.541244382 0.107235930 -1.020478653 -0.531091699 -0.447170921 -0.730062089 0.784364444 0.157107167 0.242031050 0.283068317 -0.155936674 -0.172240811 0.890984122 -1.031462837 -0.280644418 -0.590139933 0.531616962 0.453116819 0.508321397 -0.281919565 0.094013160 -0.774606226 -0.159785547 0.578364605 0.032459140 -0.853301628 -0.007483114 -0.786032227 -0.438474562 0.692956612 -1.207192886 -1.128716740 
-0.175113075
0.099876648 -0.711199261 -0.206370614 0.015685965 0.853364549 0.177027047 0.415800946 0.794753587 -1.104701495 -0.002762787 -0.147731178 -0.730313929 -0.637315201 -0.206502069 -0.892460222 0.663077584 -0.630201071 0.065326921 0.787435357 0.560339059 -1.007432574 -0.376598096 -0.985069960 0.613576833 -0.650171619 0.629475664 -0.037375166 -0.469859705 -1.101725757 -1.264652210 -0.897022427 0.292675228 -0.267253279 -0.469818446 0.347713972 0.220310231 0.901980871 -0.438133069 0.199491564 -1.078964467 -0.379888967 0.817083002 0.844981214 0.528920568 0.152967041 0.073667164 0.817089132 0.803710002 0.100654591 0.314255372 
-0.285296011
1.048171761 -0.292783729 0.004293653 -0.208362436 -0.519528727 -0.272837582 0.440106875 -0.061232506 -0.335287397 0.902797931 0.131150389 -0.137677949 0.110980915 -0.560193215 -0.442555506 -0.508996294 -0.501763062 -0.172140112 -0.318506416 0.002268499 -0.169845120 -0.685082507 -0.375675940 -0.350126907 
0 0.000000 1.000000 ContinuousTraining
15 50 24 1 
